num_scal_reads = 44

scal_read_bcm1_current = 0.107736, 1.85667, 2.44475, 7.21273, 8.13392, 8.94896, 11.2722, 13.2622, 16.2021, 17.5659, 19.1754, 21.5675, 21.8813, 25.5991, 27.1934, 29.5569, 31.1646, 32.2398, 35.4813, 36.792, 38.1156, 41.5055, 42.9831, 43.9672, 47.3048, 47.7607, 50.5023, 52.0549, 54.7461, 56.1191, 57.5216, 60.7485, 61.9076, 62.9829, 65.5676, 65.6088, 65.6336, 65.3698, 65.5851, 65.4185, 65.469, 65.8113, 65.5413, 65.6327

scal_read_bcm2_current = 0.138181, 1.88364, 2.46929, 7.22649, 8.14627, 8.96008, 11.2806, 13.2685, 16.204, 17.5662, 19.174, 21.5633, 21.8772, 25.5905, 27.1825, 29.5426, 31.1464, 32.2198, 35.4567, 36.7665, 38.0907, 41.4859, 42.9659, 43.9516, 47.2888, 47.7439, 50.4688, 52.0159, 54.7, 56.0741, 57.4873, 60.7547, 61.9216, 63.0024, 65.607, 65.6488, 65.6741, 65.4054, 65.6241, 65.4541, 65.5063, 65.8562, 65.581, 65.6736

scal_read_bcm4a_current = 0.678849, 2.06734, 2.63098, 7.28967, 8.19388, 8.99525, 11.2752, 13.2278, 16.1082, 17.4447, 19.0213, 21.3666, 21.6763, 25.3171, 26.8763, 29.1888, 30.7607, 31.8104, 34.9803, 36.2657, 37.5655, 40.889, 42.3358, 43.303, 46.5732, 47.0237, 49.7091, 51.2315, 53.8722, 55.2217, 56.6072, 59.7994, 60.9481, 62.0127, 64.6024, 64.6396, 64.6605, 64.3915, 64.5993, 64.4354, 64.4931, 64.8393, 64.5666, 64.6599

scal_read_bcm4b_current = 1.1615, 2.08935, 2.59267, 7.24855, 8.16672, 8.97834, 11.3148, 13.314, 16.2748, 17.6579, 19.2901, 21.7013, 22.0181, 25.7874, 27.3951, 29.7585, 31.3607, 32.4364, 35.6787, 36.989, 38.3128, 41.7328, 43.2088, 44.1831, 47.5287, 47.991, 50.7325, 52.2835, 54.9732, 56.3582, 57.7717, 61.0318, 62.2072, 63.3058, 65.9637, 66.0004, 66.0289, 65.7675, 65.9833, 65.81, 65.8601, 66.2135, 65.9458, 66.0385

scal_read_bcm17_current = 6.92608e-310, 6.92608e-310, 6.92608e-310, 6.92608e-310, 6.92608e-310, 6.92608e-310, 6.92608e-310, 6.92608e-310, 6.92608e-310, 6.92608e-310, 6.92608e-310, 6.92608e-310, 6.92608e-310, 6.92608e-310, 6.92608e-310, 6.92608e-310, 6.92608e-310, 6.92608e-310, 6.92608e-310, 6.92608e-310, 6.92608e-310, 6.92608e-310, 6.92608e-310, 6.92608e-310, 6.92608e-310, 6.92608e-310, 6.92608e-310, 6.92608e-310, 6.92608e-310, 6.92608e-310, 6.92608e-310, 6.92608e-310, 6.92608e-310, 6.92608e-310, 6.92608e-310, 6.92608e-310, 6.92608e-310, 6.92608e-310, 6.92608e-310, 6.92608e-310, 6.92608e-310, 6.92608e-310, 6.92608e-310, 6.92608e-310

scal_read_event = 1, 5, 10, 25, 41, 59, 82, 108, 140, 175, 213, 256, 299, 350, 404, 463, 525, 589, 660, 734, 810, 894, 980, 1069, 1165, 1261, 1363, 1468, 1580, 1693, 1810, 1933, 2059, 2188, 2322, 2456, 2591, 2724, 2858, 2992, 3126, 3261, 3394, 1e+38