num_scal_reads = 25

scal_read_bcm1_current = 61.0404, 60.8482, 60.8256, 60.7556, 60.9039, 60.7331, 60.8529, 60.7583, 60.4851, 60.7495, 60.6978, 60.5398, 60.4194, 60.4243, 60.4242, 31.1215, 0.0278205, 0.0276423, 0.0278429, 0.0278878, 0.0273961, 0.0274858, 0.0279772, 18.1391, 12.913

scal_read_bcm2_current = 61.171, 61.0391, 61.0167, 60.946, 61.0963, 60.9235, 61.045, 60.9495, 60.672, 60.9404, 60.8885, 60.7279, 60.6059, 60.6107, 60.6112, 31.23, 0.0525343, 0.0524303, 0.0523511, 0.0525084, 0.052456, 0.0524563, 0.0524037, 18.1915, 12.958

scal_read_bcm4a_current = 61.013, 60.8211, 60.8074, 60.7363, 60.8789, 60.7051, 60.8246, 60.7282, 60.4547, 60.7243, 60.6729, 60.5106, 60.3883, 60.3955, 60.3988, 31.411, 0.652824, 0.65286, 0.652955, 0.653151, 0.652338, 0.653022, 0.653801, 18.3092, 13.233

scal_read_bcm4b_current = 61.4274, 61.2022, 61.1778, 61.1027, 61.2517, 61.0846, 61.206, 61.1126, 60.8445, 61.1078, 61.0539, 60.8972, 60.7763, 60.7762, 60.7817, 31.7359, 0.906458, 0.905835, 0.906039, 0.905202, 0.903732, 0.903315, 0.903733, 18.2962, 13.322

scal_read_bcm17_current = 6.92242e-310, 6.92242e-310, 6.92242e-310, 6.92242e-310, 6.92242e-310, 6.92242e-310, 6.92242e-310, 6.92242e-310, 6.92242e-310, 6.92242e-310, 6.92242e-310, 6.92242e-310, 6.92242e-310, 6.92242e-310, 6.92242e-310, 6.92242e-310, 6.92242e-310, 6.92242e-310, 6.92242e-310, 6.92242e-310, 6.92242e-310, 6.92242e-310, 6.92242e-310, 6.92242e-310, 6.92242e-310

scal_read_event = 1, 1137, 2341, 3470, 4576, 5754, 6897, 8013, 9113, 10000, 11105, 12267, 13363, 14550, 15641, 16218, 16227, 16234, 16242, 16249, 16257, 16266, 16274, 16642, 1e+38