num_scal_reads = 60

scal_read_bcm1_current = 0.0231067, 0.0227791, 0.0223805, 0.0227984, 0.242523, 1.41875, 2.4431, 4.54925, 7.28798, 8.82408, 9.99011, 11.9796, 14.3555, 15.73, 18.3304, 20.449, 21.6565, 24.44, 24.4566, 26.6062, 27.7878, 30.2214, 32.5785, 33.8174, 35.9664, 35.9043, 27.2534, 0.0240219, 0.0236871, 0.0240592, 0.023913, 0.0238689, 0.0240889, 0.0245555, 0.0266305, 0.39475, 1.4717, 2.41558, 4.69372, 6.97532, 8.92066, 10.3191, 12.2934, 14.6347, 15.8263, 17.9147, 17.9301, 20.6035, 22.0738, 24.22, 26.0999, 27.3064, 30.8533, 31.0902, 33.1518, 14.5656, 0.0247857, 0.0235503, 0.0243518, 0.0255276

scal_read_bcm2_current = 0.0532255, 0.0530157, 0.0530132, 0.0529227, 0.272721, 1.44751, 2.46848, 4.57066, 7.30377, 8.83814, 10.003, 11.9908, 14.364, 15.7374, 18.3359, 20.4529, 21.6594, 24.4405, 24.4569, 26.6044, 27.7851, 30.2158, 32.5693, 33.8067, 35.954, 35.8918, 27.2566, 0.0531104, 0.0531254, 0.0531541, 0.0530491, 0.0531315, 0.0530993, 0.053121, 0.0530187, 0.42037, 1.50031, 2.44078, 4.7146, 6.99187, 8.93505, 10.3324, 12.3054, 14.6444, 15.8351, 17.9222, 17.9373, 20.6093, 22.0788, 24.2232, 26.1015, 27.3069, 30.8501, 31.0865, 33.1454, 14.5784, 0.0530454, 0.0530117, 0.0530638, 0.0530454

scal_read_bcm4a_current = 0.615158, 0.615077, 0.615111, 0.615349, 0.776687, 1.64685, 2.62886, 4.6873, 7.36476, 8.87159, 10.0151, 11.9669, 14.297, 15.6452, 18.1964, 20.2718, 21.4542, 24.1841, 24.2023, 26.3086, 27.4645, 29.8426, 32.1435, 33.3557, 35.4568, 35.3963, 27.0408, 0.612113, 0.613578, 0.613224, 0.613021, 0.614091, 0.613842, 0.613336, 0.613754, 0.88503, 1.69787, 2.60278, 4.82955, 7.05932, 8.97081, 10.3411, 12.2789, 14.5752, 15.7437, 17.7935, 17.8081, 20.429, 21.8687, 23.9727, 25.8144, 26.9944, 30.4675, 30.6971, 32.7103, 14.7053, 0.616477, 0.617027, 0.617323, 0.616874

scal_read_bcm4b_current = 1.11813, 1.12216, 1.12434, 1.12397, 1.21713, 1.71359, 2.58786, 4.64754, 7.32282, 8.85252, 10.0268, 12.0355, 14.4227, 15.8051, 18.4274, 20.5688, 21.786, 24.5982, 24.6147, 26.7915, 27.9867, 30.4238, 32.785, 34.0253, 36.16, 36.0953, 27.7333, 1.11994, 1.12164, 1.12117, 1.12059, 1.11707, 1.11697, 1.11671, 1.11889, 1.27226, 1.75277, 2.56124, 4.78385, 7.01096, 8.95294, 10.3589, 12.3458, 14.7042, 15.9019, 18.0058, 18.0201, 20.7212, 22.2077, 24.3831, 26.2842, 27.5039, 31.0554, 31.2917, 33.3525, 15.2749, 1.11995, 1.11907, 1.12016, 1.11957

scal_read_bcm17_current = 6.93511e-310, 6.93511e-310, 6.93511e-310, 6.93511e-310, 6.93511e-310, 6.93511e-310, 6.93511e-310, 6.93511e-310, 6.93511e-310, 6.93511e-310, 6.93511e-310, 6.93511e-310, 6.93511e-310, 6.93511e-310, 6.93511e-310, 6.93511e-310, 6.93511e-310, 6.93511e-310, 6.93511e-310, 6.93511e-310, 6.93511e-310, 6.93511e-310, 6.93511e-310, 6.93511e-310, 6.93511e-310, 6.93511e-310, 6.93511e-310, 6.93511e-310, 6.93511e-310, 6.93511e-310, 6.93511e-310, 6.93511e-310, 6.93511e-310, 6.93511e-310, 6.93511e-310, 6.93511e-310, 6.93511e-310, 6.93511e-310, 6.93511e-310, 6.93511e-310, 6.93511e-310, 6.93511e-310, 6.93511e-310, 6.93511e-310, 6.93511e-310, 6.93511e-310, 6.93511e-310, 6.93511e-310, 6.93511e-310, 6.93511e-310, 6.93511e-310, 6.93511e-310, 6.93511e-310, 6.93511e-310, 6.93511e-310, 6.93511e-310, 6.93511e-310, 6.93511e-310, 6.93511e-310, 6.93511e-310

scal_read_event = 1, 4, 6, 8, 23, 108, 249, 517, 952, 1464, 2051, 2757, 3598, 4542, 5619, 6844, 8126, 9584, 10000, 11568, 13221, 15025, 16966, 18999, 20000, 22180, 24206, 24208, 24210, 24212, 24214, 24216, 24218, 24220, 24222, 24246, 24333, 24477, 24756, 25168, 25687, 26300, 27029, 27894, 28839, 29918, 30000, 31221, 32536, 33960, 35521, 37156, 39010, 40000, 41991, 43378, 43380, 43382, 43384, 1e+38