num_scal_reads = 60

scal_read_bcm1_current = 65.4607, 65.6994, 65.6846, 65.7363, 65.5314, 65.7153, 65.5357, 65.4264, 65.3612, 65.6222, 66.2336, 65.4651, 65.5721, 65.0559, 64.6984, 65.0278, 65.0901, 65.0208, 65.218, 65.1547, 64.9503, 65.1715, 65.5259, 65.527, 65.2608, 65.3046, 65.2202, 65.5245, 65.3673, 65.282, 65.4095, 65.4821, 65.601, 65.3653, 65.2383, 65.0477, 65.2922, 65.221, 65.3709, 65.5134, 65.4713, 65.2739, 65.2174, 65.0668, 65.2557, 65.102, 65.6508, 65.3821, 65.1801, 65.1229, 65.2029, 65.9763, 65.767, 66.0658, 66.3175, 65.7577, 65.8967, 65.9856, 66.1102, 66.2145

scal_read_bcm2_current = 65.4998, 65.7434, 65.7286, 65.782, 65.5738, 65.761, 65.5774, 65.4664, 65.3995, 65.6667, 66.2929, 65.5063, 65.6152, 65.0913, 64.7281, 65.0619, 65.1247, 65.0546, 65.2555, 65.1913, 64.9839, 65.2081, 65.5695, 65.5707, 65.2984, 65.343, 65.2574, 65.5675, 65.4073, 65.3208, 65.4506, 65.5249, 65.6463, 65.4063, 65.2776, 65.0834, 65.3317, 65.2606, 65.4127, 65.5576, 65.5141, 65.3137, 65.2561, 65.1036, 65.2954, 65.1388, 65.697, 65.4245, 65.2181, 65.1607, 65.2418, 66.0318, 65.8168, 66.1228, 66.3824, 65.807, 65.949, 66.0415, 66.1678, 66.2742

scal_read_bcm4a_current = 64.4347, 64.7364, 64.7227, 64.7713, 64.5645, 64.7514, 64.5716, 64.4582, 64.3868, 64.6542, 65.2687, 64.4958, 64.601, 64.0817, 63.7235, 64.0566, 64.121, 64.053, 64.2516, 64.1879, 63.9844, 64.207, 64.5645, 64.5636, 64.294, 64.3365, 64.2528, 64.5578, 64.4078, 64.3217, 64.4421, 64.5119, 64.6269, 64.3899, 64.2615, 64.072, 64.3215, 64.2578, 64.4136, 64.5558, 64.5131, 64.3107, 64.2501, 64.1003, 64.2851, 64.1308, 64.6818, 64.4188, 64.2156, 64.1572, 64.2366, 65.0164, 64.8081, 65.1077, 65.3554, 64.7928, 64.9294, 65.02, 65.1426, 65.2482

scal_read_bcm4b_current = 65.8677, 66.0988, 66.0774, 66.1245, 65.9111, 66.1022, 65.9216, 65.8122, 65.7471, 66.0087, 66.6374, 65.8474, 65.9599, 65.4355, 65.0706, 65.4132, 65.4815, 65.4045, 65.5999, 65.5374, 65.3344, 65.5644, 65.9224, 65.9257, 65.656, 65.7001, 65.6149, 65.9227, 65.7631, 65.674, 65.8037, 65.8763, 66.0008, 65.7553, 65.6229, 65.4319, 65.6848, 65.6083, 65.7584, 65.9052, 65.8625, 65.6628, 65.6029, 65.4589, 65.6523, 65.4979, 66.0621, 65.783, 65.5711, 65.5154, 65.599, 66.3918, 66.1785, 66.4825, 66.7402, 66.1682, 66.311, 66.4018, 66.5253, 66.6319

scal_read_bcm17_current = 6.91702e-310, 6.91702e-310, 6.91702e-310, 6.91702e-310, 6.91702e-310, 6.91702e-310, 6.91702e-310, 6.91702e-310, 6.91702e-310, 6.91702e-310, 6.91702e-310, 6.91702e-310, 6.91702e-310, 6.91702e-310, 6.91702e-310, 6.91702e-310, 6.91702e-310, 6.91702e-310, 6.91702e-310, 6.91702e-310, 6.91702e-310, 6.91702e-310, 6.91702e-310, 6.91702e-310, 6.91702e-310, 6.91702e-310, 6.91702e-310, 6.91702e-310, 6.91702e-310, 6.91702e-310, 6.91702e-310, 6.91702e-310, 6.91702e-310, 6.91702e-310, 6.91702e-310, 6.91702e-310, 6.91702e-310, 6.91702e-310, 6.91702e-310, 6.91702e-310, 6.91702e-310, 6.91702e-310, 6.91702e-310, 6.91702e-310, 6.91702e-310, 6.91702e-310, 6.91702e-310, 6.91702e-310, 6.91702e-310, 6.91702e-310, 6.91702e-310, 6.91702e-310, 6.91702e-310, 6.91702e-310, 6.91702e-310, 6.91702e-310, 6.91702e-310, 6.91702e-310, 6.91702e-310, 6.91702e-310

scal_read_event = 1, 6591, 10000, 16334, 20000, 26394, 30000, 36403, 40000, 46340, 50000, 56381, 60000, 66374, 70000, 76375, 80000, 86391, 90000, 96385, 100000, 106431, 110000, 116408, 120000, 126385, 130000, 136407, 140000, 146397, 150000, 156419, 160000, 166368, 170000, 176396, 180000, 186411, 190000, 196406, 200000, 206398, 210000, 216409, 220000, 226353, 230000, 236392, 240000, 246398, 250000, 256428, 260000, 266408, 270000, 276334, 280000, 286391, 290000, 1e+38