num_scal_reads = 31

scal_read_bcm1_current = 63.0784, 63.3765, 62.9738, 63.5979, 63.9809, 63.7833, 63.5399, 63.7799, 63.5746, 63.4509, 63.7752, 64.3296, 63.6498, 63.2827, 63.3713, 63.469, 63.2987, 63.2764, 63.3453, 63.8884, 64.2617, 63.447, 63.0355, 63.6141, 63.295, 63.7236, 63.6244, 63.914, 64.3621, 23.3846, 0.392736

scal_read_bcm2_current = 63.1839, 63.4823, 63.0791, 63.7053, 64.0902, 63.8914, 63.6479, 63.8887, 63.6826, 63.5586, 63.8857, 64.4441, 63.7614, 63.3946, 63.4841, 63.5827, 63.4133, 63.3907, 63.4612, 64.0085, 64.3857, 63.5673, 63.1543, 63.7351, 63.4157, 63.8474, 63.7491, 64.042, 64.4947, 23.4404, 0.423576

scal_read_bcm4a_current = 63.7609, 64.0721, 63.6674, 64.3171, 64.712, 64.5091, 64.2667, 64.5238, 64.3001, 64.184, 64.5261, 65.1136, 64.4234, 64.0571, 64.1516, 64.2615, 64.0937, 64.0725, 64.1556, 64.7112, 65.1101, 64.2754, 63.861, 64.4506, 64.1271, 64.5775, 64.4764, 64.7792, 65.2489, 24.0229, 0.986152

scal_read_bcm4b_current = 65.0621, 65.3715, 64.955, 65.6138, 66.0243, 65.8089, 65.5504, 65.8146, 65.5997, 65.4777, 65.8274, 66.4138, 65.7181, 65.3474, 65.4429, 65.5539, 65.3779, 65.3665, 65.4456, 66.0157, 66.406, 65.562, 65.1348, 65.7385, 65.4064, 65.8606, 65.7685, 66.0728, 66.5474, 24.7369, 1.50413

scal_read_bcm17_current = 6.90701e-310, 6.90701e-310, 6.90701e-310, 6.90701e-310, 6.90701e-310, 6.90701e-310, 6.90701e-310, 6.90701e-310, 6.90701e-310, 6.90701e-310, 6.90701e-310, 6.90701e-310, 6.90701e-310, 6.90701e-310, 6.90701e-310, 6.90701e-310, 6.90701e-310, 6.90701e-310, 6.90701e-310, 6.90701e-310, 6.90701e-310, 6.90701e-310, 6.90701e-310, 6.90701e-310, 6.90701e-310, 6.90701e-310, 6.90701e-310, 6.90701e-310, 6.90701e-310, 6.90701e-310, 6.90701e-310

scal_read_event = 1, 3, 4, 5, 8, 9, 10, 12, 13, 14, 15, 16, 17, 18, 20, 21, 22, 23, 24, 26, 27, 28, 29, 30, 31, 34, 36, 37, 39, 40, 1e+38