num_scal_reads = 31

scal_read_bcm1_current = 63.0784, 63.3765, 62.9738, 63.5979, 63.9809, 63.7833, 63.5399, 63.7799, 63.5746, 63.4509, 63.7752, 64.3296, 63.6498, 63.2827, 63.3713, 63.469, 63.2987, 63.2764, 63.3453, 63.8884, 64.2617, 63.447, 63.0355, 63.6141, 63.295, 63.7236, 63.6244, 63.914, 64.3621, 23.3846, 0.392736

scal_read_bcm2_current = 63.1839, 63.4823, 63.0791, 63.7053, 64.0902, 63.8914, 63.6479, 63.8887, 63.6826, 63.5586, 63.8857, 64.4441, 63.7614, 63.3946, 63.4841, 63.5827, 63.4133, 63.3907, 63.4612, 64.0085, 64.3857, 63.5673, 63.1543, 63.7351, 63.4157, 63.8474, 63.7491, 64.042, 64.4947, 23.4404, 0.423576

scal_read_bcm4a_current = 64.2828, 64.5979, 64.1882, 64.8459, 65.2456, 65.0402, 64.7949, 65.0551, 64.8287, 64.7111, 65.0574, 65.6522, 64.9534, 64.5827, 64.6783, 64.7895, 64.6197, 64.5983, 64.6823, 65.2448, 65.6486, 64.8037, 64.3841, 64.981, 64.6535, 65.1095, 65.0071, 65.3137, 65.7891, 24.0565, 0.736643

scal_read_bcm4b_current = 64.6196, 64.9274, 64.5131, 65.1684, 65.5767, 65.3624, 65.1053, 65.3681, 65.1543, 65.033, 65.3808, 65.9641, 65.2721, 64.9034, 64.9984, 65.1088, 64.9337, 64.9224, 65.0011, 65.5681, 65.9563, 65.1168, 64.6919, 65.2924, 64.9621, 65.4139, 65.3223, 65.6249, 66.097, 24.5105, 1.40221

scal_read_bcm17_current = 6.95302e-310, 6.95302e-310, 6.95302e-310, 6.95302e-310, 6.95302e-310, 6.95302e-310, 6.95302e-310, 6.95302e-310, 6.95302e-310, 6.95302e-310, 6.95302e-310, 6.95302e-310, 6.95302e-310, 6.95302e-310, 6.95302e-310, 6.95302e-310, 6.95302e-310, 6.95302e-310, 6.95302e-310, 6.95302e-310, 6.95302e-310, 6.95302e-310, 6.95302e-310, 6.95302e-310, 6.95302e-310, 6.95302e-310, 6.95302e-310, 6.95302e-310, 6.95302e-310, 6.95302e-310, 6.95302e-310

scal_read_event = 1, 3, 4, 5, 8, 9, 10, 12, 13, 14, 15, 16, 17, 18, 20, 21, 22, 23, 24, 26, 27, 28, 29, 30, 31, 34, 36, 37, 39, 40, 1e+38